001	0.0378746126688
002	0.031348541645
003	0.0359949916366
004	0.0587705154836
005	0.0366119450546
006	0.0518967901399
007	0.0528891455329
008	0.0583521320764
009	0.0504298594529
010	0.0403652778632
011	0.0444446039127
012	0.0448470151068
013	0.0455297090236
014	0.0408150354738
015	0.0435227310669
016	0.0488663010104
017	0.0695675223189
018	0.0349838658064
019	0.0346061814851
020	0.0472963658129
021	0.0512830129051
022	0.0350885496085
023	0.0675866980419
024	0.0330236769838
025	0.0579627863418
026	0.0497153664533
027	0.0555040270568
028	0.0364253649759
029	0.0474980101509
030	0.045234780832
031	0.0728465352186
032	0.0369550844701
033	0.0701122529184
034	0.0392807669568
035	0.0469347979918
036	0.0483726430377
037	0.0628254944228
038	0.0444570136288
039	0.0678786218385
040	0.0509664146983
041	0.0496315626478
042	0.0417042931403
043	0.0686340595716
044	0.056779618235
045	0.0333924300012
046	0.0663185829756
047	0.032236773407
048	0.062729005165
049	0.0551119643225
050	0.0515737411559
051	0.0589242318317
052	0.0644385122573
053	0.0563514698249
054	0.043431265593
055	0.0589015132204
056	0.0394935702263
057	0.0473404439801
058	0.0418267284495
059	0.0324635290608
060	0.0487930133006
061	0.0529451135196
062	0.0438045828668
063	0.0374107521417
064	0.0627361055795
065	0.0438053267279
066	0.0532698486283
067	0.0610170927665
068	0.0485852247277
069	0.0455207427602
070	0.0535869405118
071	0.055177193317
072	0.0534630015124
073	0.0592990411014
074	0.0534069134833
075	0.0418874707173
076	0.0551562442991
077	0.061567997431
078	0.0655461350404
079	0.036032490727
080	0.055471644043
081	0.0549867996037
082	0.0398709818931
083	0.0530650791001
084	0.0258914499701
085	0.0372348905328
086	0.0412342580761
087	0.0585375734566
088	0.0602780768207
089	0.0304079337117
090	0.0295087074843
091	0.0334759861577
092	0.0381743060236
093	0.0589232357993
094	0.0466428400057
095	0.0426615605263
096	0.0728692376514
097	0.0612318544191
098	0.0555243712221
099	0.0721920195705
100	0.0433962129963
